0 0.04
2 0.07
2 0.11
4 0.14
4 0.18
4 0.22
6 0.25
6 0.29
8 0.32
10 0.36
10 0.39
10 0.43
12 0.47
12 0.50
14 0.54
14 0.57
14 0.61
14 0.64
16 0.68
18 0.72
18 0.75
18 0.79
20 0.82
20 0.86
22 0.90
22 0.93
22 0.97
24 1.00
24 1.04
24 1.08
26 1.11
26 1.15
28 1.18
28 1.22
30 1.26
30 1.29
30 1.33
32 1.36
32 1.40
32 1.44
34 1.47
34 1.51
36 1.55
36 1.58
36 1.62
38 1.65
38 1.69
40 1.73
40 1.76
40 1.80
42 1.83
42 1.87
42 1.91
44 1.94
44 1.98
44 2.01
46 2.05
46 2.09
48 2.12
48 2.16
50 2.20
50 2.23
50 2.27
50 2.30
52 2.34
52 2.38
52 2.41
54 2.45
54 2.49
56 2.52
56 2.56
56 2.59
58 2.63
58 2.67
58 2.70
60 2.74
60 2.77
60 2.81
60 2.85
0 2.88
0 2.92
0 2.95
0 2.99
0 3.03
0 3.06
0 3.10
2 3.13
2 3.17
4 3.21
4 3.24
6 3.28
6 3.32
6 3.35
8 3.39
10 3.42
10 3.46
10 3.50
10 3.53
12 3.57
14 3.60
14 3.64
14 3.68
16 3.71
16 3.75
18 3.78
18 3.82
20 3.86
20 3.89
20 3.93
22 3.96
22 4.00
24 4.04
24 4.07
26 4.11
26 4.15
26 4.18
26 4.22
28 4.25
30 4.29
30 4.33
30 4.36
30 4.40
32 4.43
34 4.47
34 4.51
34 4.54
36 4.58
36 4.62
36 4.65
38 4.69
38 4.72
40 4.76
40 4.80
40 4.83
42 4.87
42 4.90
44 4.94
44 4.97
46 5.01
46 5.05
46 5.08
46 5.12
48 5.15
48 5.19
50 5.22
50 5.26
50 5.30
50 5.33
52 5.37
54 5.40
54 5.44
54 5.47
54 5.51
56 5.55
56 5.58
56 5.62
58 5.66
58 5.69
58 5.73
58 5.76
60 5.80
60 5.84
62 5.87
62 5.91
62 5.94
64 5.98
64 6.02
66 6.05
64 6.09
66 6.12
66 6.16
68 6.20
68 6.23
68 6.27
68 6.30
70 6.34
70 6.38
70 6.41
72 6.45
72 6.48
72 6.52
74 6.56
74 6.59
74 6.63
76 6.67
76 6.70
76 6.74
78 6.77
78 6.81
78 6.85
80 6.88
80 6.92
80 6.95
80 6.99
82 7.03
82 7.06
82 7.10
84 7.13
84 7.17
84 7.21
84 7.24
86 7.28
86 7.31
86 7.35
86 7.39
88 7.42
88 7.46
88 7.49
90 7.53
90 7.57
90 7.60
92 7.64
92 7.68
92 7.71
92 7.75
94 7.78
94 7.82
94 7.86
96 7.89
96 7.93
96 7.96
96 8.00
98 8.04
98 8.07
98 8.11
100 8.14
100 8.18
100 8.22
100 8.25
102 8.29
102 8.32
102 8.36
102 8.40
104 8.43
104 8.47
104 8.50
104 8.54
106 8.58
106 8.61
106 8.65
106 8.69
108 8.72
108 8.76
108 8.79
110 8.83
110 8.87
110 8.90
110 8.94
112 8.97
112 9.01
112 9.05
112 9.08
112 9.12
112 9.15
114 9.19
114 9.23
114 9.26
116 9.30
116 9.33
116 9.37
116 9.41
116 9.44
118 9.48
118 9.52
118 9.55
118 9.59
118 9.62
120 9.66
120 9.70
122 9.73
122 9.77
122 9.80
122 9.84
122 9.88
124 9.91
124 9.95
124 9.98
124 10.02
124 10.06
126 10.09
126 10.13
126 10.16
126 10.20
128 10.24
128 10.27
128 10.31
128 10.34
130 10.38
130 10.42
130 10.45
130 10.49
132 10.52
132 10.56
132 10.60
132 10.63
132 10.67
134 10.71
134 10.74
134 10.78
134 10.81
134 10.85
136 10.88
136 10.92
136 10.96
136 10.99
136 11.03
136 11.07
138 11.10
138 11.14
138 11.17
138 11.21
138 11.25
140 11.28
140 11.32
140 11.35
140 11.39
140 11.43
142 11.46
142 11.50
142 11.53
142 11.57
142 11.61
144 11.64
144 11.68
144 11.71
144 11.75
146 11.79
144 11.82
146 11.86
146 11.90
146 11.93
146 11.97
148 12.00
148 12.04
148 12.08
148 12.11
148 12.15
150 12.18
150 12.22
150 12.26
150 12.29
150 12.33
150 12.36
150 12.40
152 12.44
152 12.47
152 12.51
152 12.55
152 12.58
154 12.62
154 12.65
154 12.69
154 12.73
154 12.76
154 12.80
156 12.83
156 12.87
156 12.91
156 12.94
156 12.98
156 13.01
158 13.05
158 13.09
158 13.12
158 13.16
158 13.19
158 13.23
158 13.27
160 13.30
160 13.34
160 13.37
160 13.41
160 13.45
162 13.48
160 13.52
162 13.56
162 13.59
162 13.63
162 13.66
164 13.70
162 13.74
164 13.77
164 13.81
164 13.84
164 13.88
164 13.92
164 13.95
166 13.99
166 14.02
166 14.06
166 14.10
166 14.13
166 14.17
168 14.20
166 14.24
168 14.28
168 14.31
168 14.35
168 14.38
170 14.42
170 14.46
170 14.49
170 14.53
170 14.57
170 14.60
170 14.64
172 14.67
172 14.71
172 14.75
172 14.78
172 14.82
172 14.85
172 14.89
174 14.93
172 14.96
174 15.00
174 15.03
174 15.07
174 15.11
174 15.14
174 15.18
176 15.21
176 15.25
176 15.29
176 15.32
176 15.36
176 15.39
176 15.43
176 15.47
176 15.50
176 15.54
178 15.57
178 15.61
178 15.65
178 15.68
178 15.72
180 15.75
180 15.79
180 15.83
180 15.86
180 15.90
180 15.93
180 15.97
180 16.01
180 16.04
180 16.08
182 16.11
182 16.15
182 16.19
182 16.22
182 16.26
182 16.29
182 16.33
182 16.37
182 16.40
184 16.44
184 16.47
184 16.51
184 16.55
184 16.58
186 16.62
186 16.66
186 16.69
184 16.73
186 16.76
186 16.80
186 16.84
186 16.87
186 16.91
186 16.94
186 16.98
188 17.02
188 17.05
188 17.09
188 17.12
188 17.16
188 17.20
188 17.23
188 17.27
190 17.30
190 17.34
190 17.38
190 17.41
190 17.45
190 17.48
190 17.52
190 17.56
190 17.59
190 17.63
190 17.67
192 17.70
190 17.74
192 17.77
192 17.81
192 17.85
192 17.88
194 17.92
192 17.95
192 17.99
192 18.03
194 18.06
194 18.10
194 18.13
194 18.17
194 18.21
194 18.24
194 18.28
194 18.31
194 18.35
194 18.39
196 18.42
196 18.46
196 18.50
196 18.53
196 18.57
196 18.60
196 18.64
196 18.68
196 18.71
196 18.75
198 18.78
196 18.82
196 18.86
198 18.89
198 18.93
198 18.96
198 19.00
198 19.04
200 19.07
198 19.11
198 19.15
198 19.18
200 19.22
200 19.25
200 19.29
200 19.33
200 19.36
200 19.40
200 19.43
200 19.47
200 19.51
200 19.54
200 19.58
200 19.61
202 19.65
202 19.69
202 19.72
200 19.76
202 19.79
202 19.83
202 19.87
202 19.90
202 19.94
202 19.97
204 20.01
202 20.05
204 20.08
204 20.12
204 20.16
204 20.19
204 20.23
204 20.26
204 20.30
204 20.34
204 20.37
204 20.41
206 20.44
206 20.48
206 20.52
206 20.55
206 20.59
206 20.62
206 20.66
206 20.70
206 20.73
206 20.77
206 20.80
206 20.84
208 20.88
206 20.91
206 20.95
208 20.98
208 21.02
208 21.06
208 21.09
208 21.13
208 21.16
208 21.20
208 21.24
208 21.27
210 21.31
208 21.34
210 21.38
210 21.42
210 21.45
210 21.49
208 21.53
210 21.56
210 21.60
210 21.63
210 21.67
210 21.71
210 21.74
210 21.78
210 21.81
212 21.85
212 21.89
212 21.92
212 21.96
212 21.99
212 22.03
210 22.07
212 22.10
212 22.14
212 22.17
212 22.21
212 22.25
214 22.28
212 22.32
212 22.36
212 22.39
212 22.43
212 22.46
214 22.50
212 22.54
214 22.57
214 22.61
214 22.64
214 22.68
214 22.72
214 22.75
214 22.79
214 22.82
214 22.86
214 22.90
214 22.93
214 22.97
214 23.00
214 23.04
214 23.08
216 23.11
216 23.15
216 23.19
216 23.22
216 23.26
216 23.29
216 23.33
216 23.37
216 23.40
216 23.44
216 23.47
216 23.51
216 23.55
216 23.58
216 23.62
218 23.65
218 23.69
218 23.73
218 23.76
218 23.80
218 23.83
218 23.87
218 23.91
218 23.94
218 23.98
218 24.02
218 24.05
218 24.09
218 24.12
218 24.16
218 24.20
220 24.23
220 24.27
220 24.30
220 24.34
220 24.38
220 24.41
220 24.45
220 24.48
220 24.52
220 24.56
220 24.59
220 24.63
220 24.66
220 24.70
220 24.74
220 24.77
220 24.81
222 24.84
220 24.88
222 24.92
220 24.95
222 24.99
222 25.03
222 25.06
222 25.10
222 25.13
222 25.17
222 25.21
222 25.24
222 25.28
222 25.31
222 25.35
224 25.39
222 25.42
222 25.46
224 25.49
224 25.53
222 25.57
224 25.60
224 25.64
224 25.67
224 25.71
224 25.75
224 25.78
224 25.82
224 25.85
224 25.89
224 25.93
224 25.96
224 26.00
224 26.03
224 26.07
224 26.11
224 26.14
224 26.18
226 26.21
226 26.25
226 26.29
224 26.32
226 26.36
224 26.39
224 26.43
226 26.47
226 26.50
226 26.54
226 26.58
226 26.61
226 26.65
226 26.68
226 26.72
226 26.76
226 26.79
226 26.83
226 26.86
226 26.90
226 26.94
226 26.97
226 27.01
226 27.04
226 27.08
226 27.12
226 27.15
226 27.19
228 27.22
228 27.26
226 27.30
228 27.33
228 27.37
228 27.40
228 27.44
228 27.48
228 27.51
226 27.55
228 27.58
228 27.62
228 27.66
228 27.69
228 27.73
228 27.76
228 27.80
228 27.84
228 27.87
228 27.91
228 27.94
228 27.98
228 28.02
228 28.05
230 28.09
228 28.13
230 28.16
228 28.20
230 28.23
230 28.27
230 28.31
228 28.34
230 28.38
230 28.41
230 28.45
230 28.49
230 28.52
230 28.56
230 28.59
230 28.63
230 28.67
230 28.70
230 28.74
230 28.77
230 28.81
230 28.85
230 28.88
230 28.92
230 28.95
230 28.99
232 29.03
230 29.06
230 29.10
232 29.14
232 29.17
230 29.21
232 29.24
232 29.28
230 29.32
232 29.35
232 29.39
232 29.42
232 29.46
232 29.50
232 29.53
232 29.57
232 29.60
232 29.64
232 29.68
232 29.71
232 29.75
232 29.78
232 29.82
232 29.86
232 29.89
232 29.93
232 29.96
232 30.00
232 30.04
234 30.07
232 30.11
232 30.15
234 30.18
234 30.22
232 30.25
234 30.29
234 30.33
232 30.36
234 30.40
234 30.43
232 30.47
234 30.51
234 30.54
234 30.58
234 30.61
234 30.65
234 30.69
234 30.72
234 30.76
234 30.79
234 30.83
234 30.87
234 30.90
234 30.94
234 30.97
234 31.01
234 31.05
234 31.08
234 31.12
234 31.16
234 31.19
234 31.23
234 31.26
234 31.30
234 31.33
234 31.37
236 31.41
234 31.44
234 31.48
236 31.51
234 31.55
234 31.59
236 31.62
236 31.66
236 31.70
236 31.73
236 31.77
236 31.80
236 31.84
236 31.88
236 31.91
236 31.95
236 31.98
236 32.02
236 32.06
236 32.09
236 32.13
236 32.16
236 32.20
236 32.24
236 32.27
236 32.31
238 32.34
236 32.38
236 32.42
236 32.45
236 32.49
236 32.52
236 32.56
236 32.60
236 32.63
238 32.67
238 32.70
236 32.74
238 32.78
238 32.81
238 32.85
238 32.89
238 32.92
238 32.96
238 32.99
236 33.03
238 33.07
238 33.10
238 33.14
238 33.17
238 33.21
238 33.25
238 33.28
238 33.32
238 33.35
238 33.39
238 33.43
238 33.46
238 33.50
238 33.54
238 33.57
238 33.61
238 33.64
238 33.68
238 33.71
238 33.75
238 33.79
238 33.82
238 33.86
238 33.89
238 33.93
238 33.96
240 34.00
238 34.04
238 34.07
238 34.11
238 34.14
238 34.18
238 34.21
238 34.25
240 34.29
238 34.32
240 34.36
240 34.39
238 34.43
240 34.47
240 34.50
238 34.54
240 34.58
238 34.61
238 34.65
238 34.68
240 34.72
240 34.76
240 34.79
240 34.83
238 34.86
240 34.90
240 34.94
240 34.97
240 35.01
240 35.04
240 35.08
240 35.12
240 35.15
240 35.19
240 35.22
240 35.26
240 35.30
240 35.33
240 35.37
240 35.40
240 35.44
240 35.48
240 35.51
240 35.55
240 35.59
240 35.62
240 35.66
240 35.69
240 35.73
240 35.77
240 35.80
240 35.84
240 35.87
242 35.91
240 35.95
240 35.98
240 36.02
242 36.06
240 36.09
242 36.13
240 36.16
240 36.20
240 36.23
240 36.27
242 36.31
242 36.34
242 36.38
240 36.41
242 36.45
242 36.49
242 36.52
242 36.56
242 36.60
242 36.63
242 36.67
242 36.70
242 36.74
242 36.78
242 36.81
240 36.85
242 36.88
242 36.92
242 36.96
242 36.99
242 37.03
242 37.07
242 37.10
242 37.14
242 37.17
242 37.21
242 37.25
242 37.28
242 37.32
242 37.35
242 37.39
242 37.43
242 37.46
242 37.50
242 37.53
242 37.57
242 37.61
242 37.64
242 37.68
242 37.71
242 37.75
242 37.79
242 37.82
242 37.86
242 37.89
242 37.93
242 37.97
242 38.00
242 38.04
242 38.07
242 38.11
242 38.15
242 38.18
244 38.22
242 38.25
240 38.29
240 38.33
240 38.36
238 38.40
236 38.43
236 38.47
236 38.51
236 38.54
234 38.58
234 38.62
232 38.65
232 38.69
230 38.72
230 38.76
228 38.79
228 38.83
228 38.87
228 38.90
226 38.94
224 38.98
224 39.01
224 39.05
224 39.08
222 39.12
222 39.16
220 39.19
220 39.23
220 39.26
218 39.30
216 39.34
216 39.37
216 39.41
214 39.44
214 39.48
214 39.52
214 39.55
212 39.59
212 39.62
212 39.66
210 39.69
210 39.73
210 39.77
208 39.80
208 39.84
208 39.87
206 39.91
204 39.94
204 39.98
204 40.01
202 40.05
202 40.09
202 40.12
200 40.16
200 40.20
200 40.23
198 40.27
198 40.30
198 40.34
196 40.38
196 40.41
196 40.45
194 40.48
194 40.52
194 40.56
192 40.59
192 40.63
192 40.67
192 40.70
190 40.74
188 40.77
188 40.81
188 40.85
188 40.88
188 40.92
186 40.95
186 40.99
184 41.03
184 41.06
184 41.10
184 41.13
182 41.17
182 41.21
180 41.24
180 41.28
180 41.31
178 41.35
178 41.39
178 41.42
178 41.46
176 41.49
176 41.53
176 41.57
176 41.60
176 41.64
174 41.68
172 41.71
172 41.75
172 41.78
170 41.82
170 41.86
170 41.89
170 41.93
170 41.96
168 42.00
168 42.04
166 42.07
166 42.11
166 42.14
166 42.18
164 42.22
164 42.25
164 42.29
164 42.32
162 42.36
162 42.40
162 42.43
160 42.47
160 42.51
160 42.54
160 42.58
158 42.61
158 42.65
158 42.69
158 42.72
156 42.76
156 42.79
156 42.83
154 42.87
154 42.90
154 42.94
154 42.97
154 43.01
152 43.05
152 43.08
152 43.12
150 43.16
150 43.19
150 43.23
150 43.26
148 43.30
148 43.34
148 43.37
148 43.41
146 43.44
146 43.48
146 43.52
146 43.55
144 43.59
144 43.62
144 43.66
144 43.70
142 43.73
142 43.77
142 43.80
142 43.84
140 43.88
140 43.91
140 43.95
140 43.98
138 44.02
138 44.06
138 44.09
138 44.13
136 44.16
136 44.20
136 44.24
136 44.27
136 44.31
134 44.35
134 44.38
134 44.42
134 44.45
132 44.49
132 44.53
132 44.56
132 44.60
130 44.63
130 44.67
130 44.71
130 44.74
128 44.78
128 44.81
128 44.85
128 44.89
128 44.92
128 44.96
126 44.99
124 45.03
126 45.07
124 45.10
124 45.14
124 45.17
124 45.21
122 45.25
122 45.28
122 45.32
122 45.35
120 45.39
120 45.43
120 45.46
120 45.50
120 45.54
118 45.57
118 45.61
118 45.64
118 45.68
118 45.72
116 45.75
116 45.79
116 45.82
116 45.86
116 45.90
116 45.93
114 45.97
114 46.00
114 46.04
114 46.08
114 46.11
112 46.15
112 46.18
112 46.22
112 46.26
112 46.29
110 46.33
110 46.36
110 46.40
110 46.44
108 46.47
110 46.51
108 46.55
108 46.58
108 46.62
108 46.65
108 46.69
106 46.73
106 46.76
106 46.80
106 46.83
104 46.87
104 46.91
104 46.94
104 46.98
104 47.01
104 47.06
102 47.09
102 47.13
102 47.17
102 47.20
100 47.24
102 47.27
100 47.31
100 47.35
102 47.38
100 47.42
100 47.45
100 47.49
98 47.53
98 47.56
98 47.60
98 47.64
98 47.67
98 47.71
96 47.74
96 47.78
96 47.82
96 47.85
96 47.89
96 47.92
96 47.96
94 48.00
94 48.03
94 48.07
94 48.10
94 48.14
94 48.18
92 48.21
92 48.25
92 48.28
92 48.32
92 48.36
92 48.39
90 48.43
90 48.47
90 48.50
90 48.54
90 48.57
90 48.61
88 48.65
88 48.68
88 48.72
88 48.75
88 48.79
88 48.83
88 48.86
86 48.90
86 48.93
86 48.97
86 49.01
84 49.04
86 49.08
84 49.11
84 49.15
84 49.19
84 49.22
84 49.26
84 49.29
84 49.33
82 49.37
82 49.40
82 49.44
82 49.47
82 49.51
80 49.55
82 49.58
82 49.62
80 49.66
80 49.69
80 49.73
80 49.76
80 49.80
80 49.84
78 49.87
80 49.91
78 49.94
78 49.98
78 50.02
78 50.05
78 50.09
78 50.12
78 50.16
76 50.20
76 50.23
76 50.27
76 50.30
76 50.34
76 50.38
74 50.41
74 50.45
74 50.48
74 50.52
74 50.56
74 50.59
74 50.63
74 50.67
74 50.70
72 50.74
72 50.77
72 50.81
72 50.85
72 50.88
72 50.92
72 50.95
70 50.99
70 51.03
70 51.06
70 51.10
70 51.13
70 51.17
70 51.21
70 51.24
68 51.28
68 51.31
68 51.35
68 51.39
68 51.42
68 51.46
68 51.50
68 51.53
68 51.57
68 51.60
68 51.64
66 51.68
66 51.71
66 51.75
66 51.78
66 51.82
66 51.86
66 51.89
66 51.93
66 51.96
64 52.00
64 52.04
64 52.07
64 52.11
64 52.15
64 52.18
64 52.22
64 52.25
64 52.29
62 52.33
62 52.36
62 52.40
62 52.43
62 52.47
62 52.51
62 52.54
62 52.58
62 52.61
60 52.65
60 52.69
60 52.72
60 52.76
60 52.79
60 52.83
60 52.87
60 52.90
58 52.94
60 52.97
58 53.01
58 53.05
60 53.08
58 53.12
58 53.16
58 53.19
58 53.23
58 53.26
58 53.30
56 53.34
56 53.37
56 53.41
56 53.44
56 53.48
56 53.52
56 53.55
56 53.59
56 53.62
56 53.66
56 53.70
54 53.73
56 53.77
54 53.80
54 53.84
54 53.88
54 53.91
54 53.95
54 53.99
54 54.02
54 54.06
52 54.09
52 54.13
54 54.17
52 54.20
52 54.24
52 54.27
52 54.31
52 54.35
52 54.38
52 54.42
52 54.45
50 54.49
52 54.53
50 54.56
50 54.60
50 54.63
50 54.67
50 54.71
50 54.74
50 54.78
50 54.81
50 54.85
50 54.89
48 54.92
48 54.96
48 54.99
48 55.03
48 55.07
48 55.10
48 55.14
48 55.18
48 55.21
48 55.25
48 55.28
48 55.32
48 55.36
46 55.39
48 55.43
48 55.46
46 55.50
46 55.54
46 55.57
46 55.61
46 55.65
46 55.68
46 55.72
46 55.75
46 55.79
44 55.83
46 55.86
46 55.90
44 55.93
44 55.97
44 56.01
44 56.04
44 56.08
44 56.11
44 56.15
44 56.19
42 56.22
44 56.26
44 56.29
42 56.33
42 56.37
42 56.40
42 56.44
42 56.47
42 56.51
42 56.55
42 56.58
42 56.62
42 56.66
42 56.69
40 56.73
42 56.76
40 56.80
40 56.84
40 56.87
42 56.91
42 56.94
40 56.98
40 57.02
40 57.05
40 57.09
40 57.12
40 57.16
40 57.20
40 57.23
40 57.27
40 57.30
38 57.34
40 57.38
40 57.41
40 57.45
38 57.48
38 57.52
38 57.56
38 57.59
38 57.63
38 57.67
38 57.70
38 57.74
38 57.77
38 57.81
38 57.85
38 57.88
36 57.92
36 57.95
38 57.99
36 58.03
36 58.06
36 58.10
36 58.13
36 58.17
36 58.21
36 58.24
36 58.28
36 58.31
36 58.35
36 58.39
36 58.42
36 58.46
34 58.49
34 58.53
34 58.57
36 58.60
34 58.64
34 58.68
34 58.71
34 58.75
34 58.78
34 58.82
34 58.86
34 58.89
34 58.93
34 58.96
34 59.00
34 59.04
32 59.07
32 59.11
32 59.14
32 59.18
32 59.22
32 59.25
32 59.29
32 59.32
32 59.36
32 59.40
32 59.43
32 59.47
32 59.50
32 59.54
32 59.58
32 59.61
32 59.65
32 59.68
32 59.72
32 59.76
32 59.79
30 59.83
32 59.87
32 59.90
30 59.94
30 59.97
30 60.01
30 60.05
30 60.08
30 60.12
30 60.15
30 60.19
30 60.23
30 60.26
30 60.30
30 60.33
30 60.37
30 60.41
28 60.44
28 60.48
28 60.51
28 60.55
28 60.59
30 60.62
28 60.66
28 60.70
28 60.73
28 60.77
28 60.80
28 60.84
28 60.88
28 60.91
28 60.95
28 60.98
28 61.02
28 61.06
28 61.09
28 61.13
26 61.16
26 61.20
26 61.24
28 61.27
26 61.31
26 61.34
26 61.38
26 61.42
26 61.45
26 61.49
26 61.53
26 61.56
26 61.60
26 61.63
26 61.67
26 61.71
26 61.74
26 61.78
26 61.81
26 61.85
24 61.89
24 61.92
24 61.96
24 61.99
24 62.03
24 62.07
26 62.10
24 62.14
24 62.17
24 62.21
24 62.25
24 62.28
24 62.32
24 62.36
24 62.39
24 62.43
24 62.46
24 62.50
24 62.54
24 62.57
24 62.61
24 62.64
24 62.68
24 62.72
22 62.75
24 62.79
24 62.82
22 62.86
22 62.90
22 62.93
22 62.97
22 63.01
22 63.04
22 63.08
22 63.11
22 63.15
22 63.19
22 63.22
22 63.26
22 63.29
22 63.33
22 63.37
22 63.40
22 63.44
22 63.47
22 63.51
22 63.55
22 63.58
22 63.62
22 63.65
22 63.69
22 63.73
22 63.76
22 63.80
22 63.83
20 63.87
22 63.91
22 63.94
20 63.98
22 64.01
20 64.05
20 64.09
20 64.12
20 64.16
20 64.20
20 64.23
20 64.27
20 64.30
20 64.34
20 64.38
20 64.41
20 64.45
20 64.48
20 64.52
20 64.56
20 64.59
20 64.63
20 64.66
18 64.70
20 64.74
20 64.77
20 64.81
18 64.84
20 64.88
18 64.92
18 64.95
18 64.99
20 65.02
18 65.06
18 65.10
18 65.13
18 65.17
18 65.20
18 65.24
18 65.28
18 65.31
18 65.35
18 65.39
18 65.42
18 65.46
18 65.49
18 65.53
18 65.57
18 65.60
18 65.64
18 65.67
18 65.71
18 65.75
18 65.78
18 65.82
18 65.85
16 65.89
18 65.93
16 65.96
16 66.00
18 66.04
16 66.07
16 66.11
16 66.14
16 66.18
18 66.22
16 66.25
16 66.29
16 66.32
16 66.36
16 66.40
16 66.43
16 66.47
16 66.50
16 66.54
16 66.58
16 66.61
16 66.65
16 66.68
16 66.72
16 66.76
16 66.79
16 66.83
16 66.87
16 66.90
16 66.94
16 66.97
16 67.01
14 67.05
16 67.08
16 67.12
16 67.15
16 67.19
16 67.23
16 67.26
16 67.30
16 67.33
16 67.37
14 67.41
14 67.44
14 67.48
14 67.51
14 67.55
14 67.59
14 67.62
14 67.66
14 67.70
14 67.73
14 67.77
14 67.80
14 67.84
14 67.88
14 67.91
14 67.95
14 67.98
14 68.02
14 68.06
14 68.09
14 68.13
14 68.16
14 68.20
14 68.24
14 68.27
14 68.31
14 68.35
14 68.38
14 68.42
14 68.45
14 68.49
14 68.53
14 68.56
14 68.60
14 68.63
14 68.67
14 68.71
12 68.74
14 68.78
14 68.81
12 68.85
14 68.89
14 68.92
12 68.96
12 68.99
12 69.03
14 69.07
12 69.10
12 69.14
12 69.17
14 69.21
12 69.25
12 69.28
12 69.32
12 69.35
12 69.39
12 69.43
12 69.46
12 69.50
12 69.54
12 69.57
12 69.61
12 69.64
12 69.68
12 69.72
12 69.75
12 69.79
12 69.82
12 69.86
12 69.90
12 69.93
12 69.97
12 70.00
12 70.04
12 70.08
12 70.11
12 70.15
12 70.19
12 70.22
12 70.26
12 70.29
12 70.33
10 70.37
12 70.40
10 70.44
10 70.47
10 70.51
10 70.55
12 70.58
10 70.62
10 70.65
10 70.69
10 70.73
12 70.76
10 70.80
10 70.83
10 70.87
10 70.91
10 70.94
10 70.98
10 71.01
10 71.05
10 71.09
10 71.12
10 71.16
10 71.20
10 71.23
10 71.27
10 71.30
10 71.34
10 71.38
10 71.41
10 71.45
10 71.48
10 71.52
10 71.56
10 71.59
10 71.63
10 71.66
10 71.70
10 71.74
10 71.77
10 71.81
10 71.85
10 71.88
10 71.92
10 71.95
10 71.99
10 72.03
10 72.06
10 72.10
10 72.13
10 72.17
10 72.21
10 72.24
10 72.28
10 72.31
10 72.35
10 72.39
8 72.42
8 72.46
10 72.49
10 72.53
10 72.57
10 72.60
10 72.64
8 72.68
10 72.71
8 72.75
8 72.78
8 72.82
8 72.86
8 72.89
8 72.93
8 72.96
8 73.00
8 73.04
8 73.07
8 73.11
8 73.14
8 73.18
8 73.22
8 73.25
8 73.29
8 73.32
8 73.36
8 73.40
8 73.43
8 73.47
8 73.50
8 73.54
8 73.58
8 73.61
8 73.65
8 73.69
8 73.72
8 73.76
8 73.79
8 73.83
8 73.87
8 73.90
8 73.94
8 73.97
8 74.01
8 74.05
8 74.08
8 74.12
8 74.15
8 74.19
8 74.23
8 74.26
8 74.30
8 74.33
8 74.37
8 74.41
8 74.44
8 74.48
8 74.51
8 74.55
8 74.59
8 74.62
8 74.66
8 74.70
8 74.73
8 74.77
8 74.80
8 74.84
8 74.88
8 74.91
8 74.95
8 74.98
6 75.02
6 75.06
8 75.09
6 75.13
8 75.16
8 75.20
6 75.24
6 75.27
8 75.31
6 75.34
6 75.38
6 75.42
8 75.45
8 75.49
6 75.53
6 75.56
6 75.60
6 75.63
6 75.67
6 75.71
6 75.74
8 75.78
8 75.81
6 75.85
6 75.89
8 75.92
6 75.96
6 75.99
6 76.03
6 76.07
6 76.10
6 76.14
6 76.17
6 76.21
6 76.25
6 76.28
6 76.32
6 76.36
6 76.39
6 76.43
6 76.46
6 76.50
6 76.54
6 76.57
6 76.61
6 76.64
6 76.68
6 76.72
6 76.75
6 76.79
6 76.82
6 76.86
6 76.90
6 76.93
6 76.97
6 77.00
6 77.04
6 77.08
6 77.11
6 77.15
6 77.19
6 77.22
6 77.26
6 77.29
6 77.33
6 77.37
6 77.40
6 77.44
6 77.47
6 77.51
6 77.55
6 77.58
6 77.62
6 77.65
6 77.69
6 77.73
6 77.76
6 77.80
6 77.83
6 77.87
6 77.91
6 77.94
6 77.98
6 78.02
6 78.05
6 78.09
4 78.12
6 78.16
4 78.20
6 78.23
4 78.27
6 78.30
6 78.34
6 78.38
4 78.41
4 78.45
6 78.49
4 78.52
6 78.56
4 78.59
4 78.63
6 78.67
4 78.70
6 78.74
4 78.77
4 78.81
6 78.85
4 78.88
4 78.92
6 78.95
6 78.99
6 79.03
4 79.06
4 79.10
4 79.13
4 79.17
4 79.21
4 79.24
4 79.28
4 79.31
4 79.35
4 79.39
4 79.42
6 79.46
4 79.49
4 79.53
4 79.57
6 79.60
4 79.64
4 79.68
4 79.71
4 79.75
4 79.78
4 79.82
4 79.86
6 79.89
4 79.93
4 79.96
4 80.00
4 80.04
4 80.07
4 80.11
4 80.14
4 80.18
4 80.22
4 80.25
4 80.29
4 80.32
4 80.36
4 80.40
4 80.43
4 80.47
4 80.50
4 80.54
4 80.58
4 80.61
4 80.65
4 80.69
4 80.72
4 80.76
6 80.79
4 80.83
4 80.87
4 80.90
4 80.94
4 80.97
4 81.01
4 81.05
4 81.08
4 81.12
4 81.15
4 81.19
4 81.23
4 81.26
4 81.30
4 81.33
4 81.37
4 81.41
4 81.44
4 81.48
4 81.51
4 81.55
4 81.59
4 81.62
4 81.66
4 81.69
4 81.73
4 81.77
4 81.80
4 81.84
4 81.88
4 81.91
4 81.95
4 81.98
4 82.02
4 82.06
4 82.09
4 82.13
4 82.16
4 82.20
4 82.24
4 82.27
4 82.31
4 82.34
4 82.38
4 82.42
4 82.45
4 82.49
2 82.52
4 82.56
4 82.60
4 82.63
4 82.67
4 82.71
4 82.74
4 82.78
4 82.81
4 82.85
4 82.89
4 82.92
4 82.96
4 82.99
4 83.03
4 83.07
4 83.10
4 83.14
4 83.17
4 83.21
4 83.25
4 83.28
4 83.32
2 83.35
4 83.39
2 83.43
4 83.46
4 83.50
4 83.54
2 83.57
4 83.61
4 83.64
4 83.68
2 83.72
4 83.75
4 83.79
4 83.82
2 83.86
4 83.90
2 83.93
2 83.97
2 84.00
4 84.04
2 84.08
4 84.11
2 84.15
2 84.19
2 84.22
4 84.26
4 84.29
2 84.33
2 84.37
2 84.40
2 84.44
2 84.47
2 84.51
2 84.55
2 84.58
2 84.62
2 84.65
2 84.69
2 84.73
2 84.76
2 84.80
2 84.83
2 84.87
2 84.91
4 84.94
2 84.98
2 85.01
2 85.05
2 85.09
2 85.12
4 85.16
4 85.20
2 85.23
4 85.27
2 85.30
2 85.34
2 85.38
2 85.41
2 85.45
2 85.48
2 85.52
2 85.56
2 85.59
2 85.63
2 85.66
2 85.70
2 85.74
2 85.77
2 85.81
2 85.84
2 85.88
2 85.92
2 85.95
2 85.99
2 86.03
2 86.06
2 86.10
2 86.13
2 86.17
2 86.21
2 86.24
2 86.28
2 86.31
2 86.35
2 86.39
2 86.42
2 86.46
2 86.49
2 86.53
2 86.57
2 86.60
2 86.64
2 86.67
2 86.71
2 86.75
2 86.78
2 86.82
2 86.86
2 86.89
2 86.93
2 86.96
2 87.00
2 87.04
2 87.07
2 87.11
2 87.14
2 87.18
2 87.22
2 87.25
2 87.29
2 87.32
2 87.36
2 87.40
2 87.43
2 87.47
2 87.51
2 87.54
2 87.58
2 87.61
2 87.65
2 87.69
2 87.72
2 87.76
2 87.79
2 87.83
2 87.87
2 87.90
2 87.94
2 87.97
2 88.01
2 88.05
2 88.08
2 88.12
2 88.16
2 88.19
2 88.23
2 88.26
2 88.30
2 88.34
2 88.37
2 88.41
2 88.44
2 88.48
2 88.52
2 88.55
2 88.59
2 88.62
2 88.66
2 88.70
2 88.73
2 88.77
2 88.80
2 88.84
2 88.88
2 88.91
2 88.95
2 88.98
2 89.02
2 89.06
2 89.09
2 89.13
2 89.17
2 89.20
2 89.24
2 89.27
2 89.31
2 89.35
2 89.38
2 89.42
2 89.45
2 89.49
2 89.53
2 89.56
2 89.60
2 89.63
2 89.67
2 89.71
2 89.74
2 89.78
2 89.82
2 89.85
2 89.89
2 89.92
2 89.96
2 90.00
0 90.03